9
481253697
267948105
539671204
654389712
908704563
173562849
702136958
315897426
896425371
481253697
267948105
539671284
654289710
908704562
173562849
702136958
315897426
896425371
480253697
200048135
539671284
654089712
928714563
173562849
742136958
315897426
896425371
481253697
267948135
530671284
651389700
928014563
173502849
742136958
315897426
896425371
481253697
267948135
539671284
654389712
920714560
173562049
742130053
315897426
896425371
481253697
267948135
539601084
654309712
928704063
173512849
742136958
315897426
896425371
532714968
700063452
400582137
284631795
157849326
963275814
641327589
329458671
875196243
532714968
708063452
406582137
284631795
157849326
963005814
641327589
329458671
875196243
532714968
720063452
400582137
284631795
157849326
963275814
641027589
329458671
875196243