100
3 3
2 1 2
1 1 1
2 1 2
5 5
2 2 2 2 2
2 1 1 1 2
2 1 2 1 2
2 1 1 1 2
2 2 2 2 2
1 3
2 1 1
8 2
1 2
1 2
1 1
1 2
1 1
1 2
1 1
1 2
10 10
1 2 2 2 2 2 2 2 2 2
2 2 2 2 2 2 2 2 2 2
2 2 2 2 2 2 2 2 2 2
2 2 2 2 2 2 2 2 2 2
2 2 2 2 2 2 2 2 2 2
2 2 2 2 2 2 2 2 2 2
2 2 2 2 2 2 2 2 2 2
2 2 2 2 2 2 2 2 2 2
2 2 2 2 2 2 2 2 2 2
2 2 2 2 2 2 2 2 2 2
5 2
2 1
1 2
2 2
2 2
2 2
2 1
1
1
3 4
1 2 2 1
1 1 2 1
1 2 1 2
10 7
1 1 1 1 1 1 1
1 1 1 1 1 1 1
1 1 1 1 1 1 1
1 1 1 1 1 1 1
1 1 1 1 1 1 1
1 1 1 1 1 1 1
1 1 1 1 1 1 1
1 1 1 1 1 1 1
1 1 1 1 1 1 1
1 1 1 1 1 1 1
10 10
1 1 1 1 1 1 1 1 1 1
1 1 1 1 1 1 1 1 1 1
1 1 1 1 1 1 1 1 1 1
1 1 2 1 1 1 1 1 1 1
1 1 1 1 1 1 1 1 1 1
1 1 1 1 1 1 1 1 1 1
1 1 1 1 1 1 1 1 1 1
1 1 1 1 1 1 1 1 1 1
1 1 1 1 1 1 1 1 1 1
1 1 1 1 1 1 1 1 1 1
10 10
2 2 1 2 1 2 1 2 1 2
2 2 2 1 1 1 1 1 1 2
1 2 2 2 2 1 2 2 1 2
2 2 1 2 2 1 2 1 1 1
2 2 2 2 1 1 1 1 1 1
1 1 2 1 1 2 1 2 2 2
1 1 2 1 1 1 2 2 2 2
1 2 1 1 1 1 1 1 1 2
2 1 2 2 2 2 1 2 2 2
1 2 1 2 1 2 1 1 1 2
6 9
2 1 1 2 2 2 1 1 2
2 1 2 2 2 2 1 1 2
2 2 1 1 2 2 1 2 1
1 2 2 1 2 1 1 2 1
1 1 1 2 2 2 2 2 1
2 2 2 2 1 2 1 1 1
4 3
1 1 2
1 1 1
1 1 2
1 1 2
2 1
2
2
8 4
2 2 2 2
2 2 1 2
2 2 2 2
2 2 1 1
1 2 2 1
2 2 2 1
1 2 1 2
1 2 2 2
3 10
1 1 1 1 1 2 1 2 1 1
1 1 1 1 1 2 1 2 1 1
1 1 1 1 1 2 1 2 1 1
4 9
1 2 2 1 2 2 1 2 2
1 1 1 1 1 2 2 2 2
2 2 2 2 2 2 2 2 2
1 1 2 1 2 2 2 1 1
10 3
2 1 1
2 1 1
1 2 2
1 2 2
1 2 2
1 2 2
1 1 2
2 2 1
1 2 1
2 2 1
4 1
1
1
1
1
3 10
2 1 2 2 2 2 2 2 1 2
2 2 2 2 2 2 2 1 2 2
1 1 1 2 1 2 1 1 2 2
10 10
2 2 2 2 2 2 2 2 2 2
2 2 2 2 2 2 2 2 2 2
2 2 2 2 2 2 2 2 2 2
2 2 2 2 2 2 2 2 2 2
2 2 2 2 2 2 2 2 2 2
2 2 2 2 2 2 2 2 2 2
2 2 1 2 2 2 2 2 2 2
2 2 2 2 2 2 2 2 2 2
2 2 2 2 2 2 2 2 2 1
2 2 2 2 2 2 2 2 2 2
1 2
1 1
2 9
2 2 2 2 2 2 2 1 2
2 2 2 2 2 2 2 2 2
10 10
1 1 1 1 1 1 1 1 1 1
2 1 1 2 2 2 1 1 1 1
1 1 1 1 1 1 1 1 1 1
1 1 1 1 1 1 1 1 1 1
1 1 1 1 1 1 1 1 1 1
2 1 1 2 2 2 1 1 1 1
2 1 1 2 2 2 1 1 1 1
2 1 1 2 2 2 1 1 1 1
1 1 1 1 1 1 1 1 1 1
1 1 1 1 1 1 1 1 1 1
9 6
1 1 1 1 1 2
1 2 1 2 2 1
1 2 2 2 1 1
2 2 1 1 1 1
1 1 2 2 1 1
2 1 1 2 1 1
2 2 1 2 2 2
2 1 2 1 2 1
1 1 1 2 1 2
1 4
1 1 1 1
9 2
2 2
2 2
2 1
2 2
2 2
2 2
2 2
2 2
2 1
3 6
2 2 2 2 2 1
1 2 2 1 2 1
1 1 2 2 1 2
2 10
1 1 1 1 1 1 1 1 1 1
1 2 1 1 2 2 1 1 2 1
3 10
1 1 1 1 1 1 1 1 1 1
1 2 2 1 1 1 1 1 1 1
1 2 2 1 1 1 1 2 1 1
9 9
2 2 2 2 2 2 2 2 2
2 2 2 2 2 2 2 2 2
2 2 2 2 2 2 2 2 2
2 2 2 2 2 2 2 2 2
2 2 2 2 1 2 2 2 2
2 2 2 2 2 2 2 2 2
2 2 2 2 2 2 2 2 2
2 2 2 2 2 2 2 2 2
2 2 2 2 2 2 2 2 2
2 9
2 2 2 2 2 2 2 2 2
1 1 2 2 2 2 2 2 1
8 5
1 2 2 2 2
1 1 2 1 2
1 2 1 1 2
1 1 1 1 1
2 1 1 1 2
1 2 2 2 2
2 2 2 2 2
1 2 1 2 2
10 10
2 2 2 1 1 1 2 1 1 2
2 2 2 2 2 2 1 1 2 1
1 1 2 1 1 1 1 1 1 1
2 2 2 1 1 2 2 1 1 2
1 1 2 2 1 1 2 1 2 1
1 1 2 1 1 2 2 2 1 2
1 1 1 1 1 2 2 2 2 2
1 2 1 2 1 1 2 2 1 2
1 1 1 1 1 1 1 2 2 1
2 2 2 2 2 2 2 2 2 2
10 6
2 1 2 2 2 2
1 2 2 2 2 2
2 1 2 1 2 2
2 1 1 1 1 2
1 2 2 1 2 1
1 1 2 2 1 1
1 2 1 1 1 2
2 2 2 2 2 1
2 2 1 2 2 2
1 2 2 2 2 2
10 10
1 1 1 1 1 1 1 1 1 1
1 1 1 1 1 1 1 1 1 1
1 1 1 1 1 1 1 1 1 1
1 1 1 1 1 1 1 1 1 1
1 1 1 1 1 1 1 1 1 1
1 1 1 1 1 1 1 1 1 1
1 1 1 1 1 1 1 1 1 1
1 1 1 1 1 1 1 1 1 1
1 1 1 1 2 1 1 1 1 1
1 1 1 1 1 1 1 1 1 1
10 6
2 2 2 2 2 2
2 2 2 2 2 2
2 2 2 2 1 2
2 2 2 2 2 2
2 2 2 2 2 2
2 2 2 2 2 2
2 2 2 2 2 2
2 2 2 2 2 2
2 2 2 2 2 2
2 2 2 2 2 2
2 5
2 2 2 1 2
1 1 1 1 2
1 1
2
4 9
2 2 2 1 1 1 2 2 2
2 2 2 1 1 1 2 2 1
1 1 1 1 1 1 1 1 1
2 2 2 1 1 1 2 2 2
6 9
2 2 2 2 2 2 2 2 2
2 2 2 2 2 2 2 2 2
2 2 2 2 2 2 2 2 2
2 2 1 2 2 2 2 2 2
2 2 2 2 2 2 2 2 2
2 2 2 2 2 2 2 2 2
6 3
2 1 1
1 2 2
1 2 1
1 2 1
1 1 2
1 2 1
4 8
2 1 2 2 2 2 2 2
2 2 2 2 2 2 2 2
2 2 2 2 2 2 2 2
2 2 2 2 2 2 2 2
2 8
1 1 1 2 2 2 1 2
1 2 1 1 2 2 2 1
8 3
1 1 1
2 2 1
2 2 1
1 1 1
1 1 1
1 1 1
1 1 1
1 1 1
3 1
1
1
1
5 8
1 2 1 2 2 1 1 1
1 1 1 1 1 1 1 1
1 2 2 2 2 1 1 1
1 2 1 2 1 1 1 1
1 2 2 2 2 1 1 1
10 10
1 1 1 1 1 1 1 1 1 1
1 1 1 1 1 1 1 1 1 1
1 1 1 1 1 1 1 1 1 1
1 1 1 1 1 1 1 1 1 1
1 1 1 1 1 1 1 1 1 1
1 1 1 1 1 1 1 1 1 1
1 1 1 2 1 1 1 1 1 1
1 1 1 1 1 1 1 1 1 1
1 1 1 1 1 1 1 1 1 1
1 1 1 1 1 1 1 1 1 2
10 6
1 1 1 1 1 1
1 2 2 1 2 2
1 2 2 1 2 2
1 1 1 1 1 1
1 2 2 1 2 2
1 2 2 1 2 2
1 1 1 1 1 1
1 2 2 1 2 2
1 1 1 1 1 1
1 2 2 1 2 2
2 10
2 2 2 2 2 1 2 1 2 2
2 2 2 2 2 1 1 1 2 2
10 10
1 1 1 1 1 1 1 1 1 1
2 1 1 2 2 2 1 2 2 2
2 1 1 2 2 2 1 2 2 2
2 1 1 2 2 2 1 2 2 2
2 1 1 2 2 2 1 2 1 2
1 1 1 1 1 1 1 1 1 1
1 1 1 1 1 1 1 1 1 1
2 1 1 2 2 2 1 2 2 2
1 1 1 1 1 1 1 1 1 1
1 1 1 1 1 1 1 1 1 1
5 2
1 2
2 2
2 2
2 2
2 2
9 7
2 2 2 2 2 2 2
2 2 2 2 2 2 2
2 2 2 2 2 1 2
2 2 2 2 2 2 2
2 2 2 2 2 2 2
2 2 2 2 2 2 2
2 2 2 2 2 2 2
2 2 2 2 2 2 2
2 2 2 2 2 2 2
4 8
1 2 1 1 1 2 2 2
2 2 1 2 2 2 1 1
1 1 2 1 2 1 1 2
1 2 2 2 2 1 2 1
10 2
1 2
2 1
1 1
2 1
2 2
2 1
2 1
1 1
2 1
2 1
4 3
2 2 2
1 2 2
2 1 1
2 2 2
9 9
2 2 1 1 2 2 2 1 2
2 1 1 1 1 1 1 1 1
1 1 2 2 2 1 2 2 2
1 2 2 2 2 1 2 1 1
1 2 2 2 1 1 1 1 2
1 1 1 1 2 1 2 2 2
1 1 1 2 2 2 1 1 1
2 1 1 1 2 2 2 2 1
2 2 1 1 1 2 2 2 2
4 3
2 2 2
2 2 2
2 2 2
1 2 2
6 9
2 1 2 2 2 1 2 1 2
2 1 2 2 2 1 2 1 2
1 1 1 1 1 1 1 1 1
1 1 1 1 1 1 1 1 1
1 1 1 1 1 1 1 1 1
2 1 2 2 2 1 2 1 2
10 7
2 2 2 2 2 2 2
2 2 2 2 2 2 2
2 2 2 2 2 2 2
2 2 2 2 2 2 2
2 2 2 2 2 2 2
2 2 2 2 2 2 2
2 2 2 2 2 2 2
2 2 2 2 2 2 2
2 2 1 2 2 2 2
2 2 2 2 2 2 2
5 2
2 2
1 1
2 1
1 1
1 1
9 9
1 1 1 2 2 2 2 2 1
1 1 1 1 1 1 1 1 1
1 1 1 1 1 1 1 1 1
1 1 1 2 2 2 2 2 1
1 1 1 1 1 1 1 1 1
1 1 1 2 2 2 2 2 1
1 1 1 2 2 2 2 2 1
1 1 1 1 1 1 1 1 1
1 1 1 2 2 2 2 2 1
9 4
1 2 1 1
1 1 1 2
2 1 2 1
2 2 2 1
2 2 1 2
1 1 2 1
2 1 2 2
1 2 1 2
1 2 2 2
5 8
2 2 2 2 2 2 2 2
2 1 2 2 2 2 2 2
2 2 2 2 2 2 2 2
2 2 2 2 2 2 2 2
2 2 2 2 2 2 2 2
10 7
2 2 2 2 2 2 2
2 2 2 2 2 2 2
2 2 2 2 2 2 1
2 2 2 2 2 2 2
2 2 2 2 2 1 2
2 2 2 2 2 2 2
2 2 2 2 2 2 2
2 2 2 2 2 1 2
2 2 2 2 2 2 1
2 2 2 2 2 2 2
2 9
1 1 1 1 1 1 1 1 1
1 1 1 2 1 1 1 1 2
5 2
1 2
2 2
2 2
2 1
2 2
5 8
1 1 1 1 1 1 1 1
1 2 1 2 2 2 2 1
1 2 1 2 2 2 2 1
1 2 1 2 2 2 2 1
1 1 1 1 1 1 1 1
3 6
1 2 1 2 1 1
1 1 1 1 1 1
1 2 1 2 1 1
4 8
1 1 1 1 1 1 1 1
1 1 1 1 1 1 1 1
1 1 1 1 1 1 1 1
2 2 2 1 2 2 1 1
9 7
1 1 1 1 1 1 1
1 1 1 1 1 1 1
1 1 1 2 2 1 1
1 1 1 2 2 1 1
1 1 1 1 1 1 1
1 1 1 2 2 1 1
1 1 1 1 1 1 1
1 1 1 2 2 1 1
1 1 1 1 1 1 1
10 10
1 1 1 1 1 1 1 1 1 1
1 1 1 1 1 1 1 1 1 1
1 1 1 1 1 1 1 1 1 1
1 1 1 1 2 1 1 1 1 1
1 1 1 1 1 1 1 1 1 1
1 1 1 1 1 1 1 1 1 1
1 1 1 1 1 1 1 1 1 1
1 1 1 1 1 1 1 1 1 1
1 1 1 1 1 1 1 1 1 1
1 1 1 1 1 1 1 2 1 1
1 2
1 1
8 3
2 1 2
2 2 2
2 2 2
2 2 2
2 2 2
2 2 2
2 2 2
2 2 2
8 2
2 2
1 2
2 2
2 2
2 2
2 2
2 2
2 2
6 10
1 2 1 1 2 2 2 2 1 2
2 1 1 2 2 1 1 1 1 1
2 1 2 2 1 2 2 1 2 1
1 1 1 1 1 2 2 1 2 2
1 2 2 1 1 1 1 1 1 1
1 2 1 1 1 2 1 2 2 1
7 9
2 2 1 2 1 2 1 1 2
2 2 1 2 2 1 2 1 1
2 2 2 2 2 1 1 1 2
2 1 1 2 2 1 1 2 2
2 1 1 1 1 2 2 2 2
2 2 1 1 2 1 1 2 2
1 2 1 1 1 2 1 2 1
3 8
2 2 1 2 2 2 2 2
2 1 1 2 2 2 1 1
1 2 1 1 1 2 1 1
4 1
1
1
1
1
2 9
2 2 2 1 1 2 2 1 1
2 2 1 2 1 1 2 2 2
10 10
2 2 2 2 2 2 2 2 2 2
2 2 2 2 2 2 2 2 2 2
2 2 2 2 2 2 1 2 2 2
2 2 2 2 2 2 2 2 2 2
2 2 2 2 2 2 2 2 2 2
2 2 2 2 2 2 2 2 2 2
2 2 2 2 2 2 2 2 2 2
2 2 2 2 2 2 2 2 2 2
2 2 2 2 2 2 2 2 2 2
2 2 2 2 2 2 2 2 2 2
3 6
2 2 2 2 2 2
2 2 2 2 1 2
2 2 2 2 2 2
10 10
2 2 2 2 2 2 2 2 2 2
2 2 2 2 2 2 2 2 2 2
2 2 2 2 2 2 2 2 2 2
2 2 2 2 2 2 2 2 2 2
2 2 2 2 2 2 2 2 2 2
2 2 2 2 2 2 2 2 2 2
2 2 2 2 2 2 2 2 2 2
2 2 2 2 2 2 2 2 2 2
2 2 2 2 2 2 2 2 2 2
2 2 2 2 2 2 2 2 2 2
10 10
2 2 1 2 2 2 1 1 1 1
2 2 1 2 2 2 1 1 1 1
1 1 1 1 1 1 1 1 1 1
2 2 1 2 2 2 1 1 1 1
2 2 1 2 2 2 1 1 1 1
1 1 1 1 1 1 1 1 1 1
1 1 1 1 1 1 1 1 1 1
1 1 1 1 1 1 1 1 1 1
2 2 1 2 2 2 1 1 1 1
2 2 1 2 2 2 1 1 1 1
9 2
2 2
2 2
2 2
2 2
2 2
2 1
2 2
2 2
2 2
9 2
2 1
1 1
2 1
2 1
1 1
1 1
2 1
2 1
2 1
7 10
2 2 1 1 2 2 1 1 1 1
1 1 2 1 1 2 1 1 2 1
1 2 2 2 2 2 1 1 2 1
1 1 1 2 2 1 1 1 1 2
1 1 1 2 1 1 2 2 1 1
2 2 1 1 1 1 1 2 1 2
1 2 2 2 2 2 1 2 2 1
9 7
1 1 2 1 2 1 1
1 2 2 2 2 2 1
2 2 2 1 1 2 2
2 1 2 1 2 2 1
1 1 2 2 1 2 2
2 1 1 2 1 2 1
2 1 1 1 1 2 2
1 1 2 2 2 2 1
1 2 1 2 2 2 2
10 10
2 2 2 2 2 2 1 1 1 2
2 1 2 2 2 2 2 2 2 2
2 2 2 2 2 2 2 2 2 1
1 2 2 2 2 2 2 2 2 2
2 2 2 2 2 2 2 2 2 2
2 2 2 2 2 2 2 2 2 2
2 2 2 2 2 2 2 2 2 2
2 2 2 2 1 2 2 2 1 2
2 2 2 2 1 2 2 2 2 2
2 2 2 2 2 2 2 2 2 2
8 2
1 1
1 1
2 2
2 2
2 2
1 1
2 2
1 2
1 1
1
10 10
2 2 2 2 2 2 2 2 1 2
2 2 2 2 2 2 2 2 2 2
2 2 2 2 2 2 2 2 2 2
2 2 2 2 2 2 2 2 2 2
2 2 2 2 2 2 2 1 2 2
2 2 2 2 2 2 2 2 2 2
2 2 2 2 2 2 2 2 2 2
2 2 2 2 2 2 2 2 2 2
2 2 2 2 2 2 2 2 2 2
2 2 2 2 2 2 2 2 2 2
4 9
1 2 1 2 1 2 2 2 1
1 2 1 2 1 2 2 2 1
1 2 1 2 1 2 2 2 1
1 1 1 1 1 1 1 1 1
5 2
1 1
2 2
1 1
2 2
1 1
1 4
1 1 1 1
9 2
2 1
2 1
2 1
2 1
1 1
1 2
1 1
2 1
1 1
8 3
2 2 1
1 2 2
1 2 1
1 2 1
1 2 2
2 2 2
2 2 1
2 2 1
9 9
2 2 1 1 1 2 1 1 2
1 2 2 2 1 1 2 2 2
1 2 2 2 2 2 2 2 2
2 1 1 2 1 2 2 1 1
1 1 1 1 2 2 1 2 2
2 1 1 2 1 1 2 2 2
2 2 2 1 2 2 2 2 1
1 2 1 1 2 2 2 2 2
1 2 2 2 1 2 2 2 1
2 10
1 2 2 2 2 2 2 2 2 2
2 2 2 2 1 2 1 1 2 2
5 2
1 1
1 1
1 1
1 1
1 1
